{"metadata":{"version":4.3,"type":"Object","generator":"ObjectExporter"},"geometries":[{"uuid":"d64a14b6-b1aa-4307-8b2b-15db9364fa4c","type":"Geometry","data":{"vertices":[0.5,0.5,0.5,0.5,0.5,-0.5,0.5,-0.5,0.5,0.5,-0.5,-0.5,-0.5,0.5,-0.5,-0.5,0.5,0.5,-0.5,-0.5,-0.5,-0.5,-0.5,0.5],"normals":[1,0,0,-1,0,0,0,1,0,0,-1,0,0,0,1,0,0,-1],"uvs":[[0,1,0,0,1,0,1,1]],"faces":[56,0,2,3,0,1,2,0,0,0,0,56,0,3,1,0,2,3,0,0,0,0,56,4,6,7,0,1,2,1,1,1,1,56,4,7,5,0,2,3,1,1,1,1,56,4,5,0,0,1,2,2,2,2,2,56,4,0,1,0,2,3,2,2,2,2,56,7,6,3,0,1,2,3,3,3,3,56,7,3,2,0,2,3,3,3,3,3,56,5,7,2,0,1,2,4,4,4,4,56,5,2,0,0,2,3,4,4,4,4,56,1,3,6,0,1,2,5,5,5,5,56,1,6,4,0,2,3,5,5,5,5]}},{"uuid":"7290cc28-e7ae-4ff0-801f-972e15c028a8","type":"Geometry","data":{"vertices":[0.5,0.5,0.5,0.5,0.5,-0.5,0.5,-0.5,0.5,0.5,-0.5,-0.5,-0.5,0.5,-0.5,-0.5,0.5,0.5,-0.5,-0.5,-0.5,-0.5,-0.5,0.5],"normals":[1,0,0,-1,0,0,0,1,0,0,-1,0,0,0,1,0,0,-1],"uvs":[[0,1,0,0,1,0,1,1]],"faces":[56,0,2,3,0,1,2,0,0,0,0,56,0,3,1,0,2,3,0,0,0,0,56,4,6,7,0,1,2,1,1,1,1,56,4,7,5,0,2,3,1,1,1,1,56,4,5,0,0,1,2,2,2,2,2,56,4,0,1,0,2,3,2,2,2,2,56,7,6,3,0,1,2,3,3,3,3,56,7,3,2,0,2,3,3,3,3,3,56,5,7,2,0,1,2,4,4,4,4,56,5,2,0,0,2,3,4,4,4,4,56,1,3,6,0,1,2,5,5,5,5,56,1,6,4,0,2,3,5,5,5,5]}},{"uuid":"83eebeef-30cc-4cca-bd71-139e25680ea4","type":"Geometry","data":{"vertices":[0.5,0.5,0.5,0.5,0.5,-0.5,0.5,-0.5,0.5,0.5,-0.5,-0.5,-0.5,0.5,-0.5,-0.5,0.5,0.5,-0.5,-0.5,-0.5,-0.5,-0.5,0.5],"normals":[1,0,0,-1,0,0,0,1,0,0,-1,0,0,0,1,0,0,-1],"uvs":[[0,1,0,0,1,0,1,1]],"faces":[56,0,2,3,0,1,2,0,0,0,0,56,0,3,1,0,2,3,0,0,0,0,56,4,6,7,0,1,2,1,1,1,1,56,4,7,5,0,2,3,1,1,1,1,56,4,5,0,0,1,2,2,2,2,2,56,4,0,1,0,2,3,2,2,2,2,56,7,6,3,0,1,2,3,3,3,3,56,7,3,2,0,2,3,3,3,3,3,56,5,7,2,0,1,2,4,4,4,4,56,5,2,0,0,2,3,4,4,4,4,56,1,3,6,0,1,2,5,5,5,5,56,1,6,4,0,2,3,5,5,5,5]}},{"uuid":"9950800d-d03c-4258-a051-80594d2db02f","type":"Geometry","data":{"vertices":[0.5,0.5,0.5,0.5,0.5,-0.5,0.5,-0.5,0.5,0.5,-0.5,-0.5,-0.5,0.5,-0.5,-0.5,0.5,0.5,-0.5,-0.5,-0.5,-0.5,-0.5,0.5],"normals":[1,0,0,-1,0,0,0,1,0,0,-1,0,0,0,1,0,0,-1],"uvs":[[0,1,0,0,1,0,1,1]],"faces":[56,0,2,3,0,1,2,0,0,0,0,56,0,3,1,0,2,3,0,0,0,0,56,4,6,7,0,1,2,1,1,1,1,56,4,7,5,0,2,3,1,1,1,1,56,4,5,0,0,1,2,2,2,2,2,56,4,0,1,0,2,3,2,2,2,2,56,7,6,3,0,1,2,3,3,3,3,56,7,3,2,0,2,3,3,3,3,3,56,5,7,2,0,1,2,4,4,4,4,56,5,2,0,0,2,3,4,4,4,4,56,1,3,6,0,1,2,5,5,5,5,56,1,6,4,0,2,3,5,5,5,5]}},{"uuid":"bcfbdf13-e7d2-4f11-ab39-b8127f91a145","type":"Geometry","data":{"vertices":[0.5,0.5,0.5,0.5,0.5,-0.5,0.5,-0.5,0.5,0.5,-0.5,-0.5,-0.5,0.5,-0.5,-0.5,0.5,0.5,-0.5,-0.5,-0.5,-0.5,-0.5,0.5],"normals":[1,0,0,-1,0,0,0,1,0,0,-1,0,0,0,1,0,0,-1],"uvs":[[0,1,0,0,1,0,1,1]],"faces":[56,0,2,3,0,1,2,0,0,0,0,56,0,3,1,0,2,3,0,0,0,0,56,4,6,7,0,1,2,1,1,1,1,56,4,7,5,0,2,3,1,1,1,1,56,4,5,0,0,1,2,2,2,2,2,56,4,0,1,0,2,3,2,2,2,2,56,7,6,3,0,1,2,3,3,3,3,56,7,3,2,0,2,3,3,3,3,3,56,5,7,2,0,1,2,4,4,4,4,56,5,2,0,0,2,3,4,4,4,4,56,1,3,6,0,1,2,5,5,5,5,56,1,6,4,0,2,3,5,5,5,5]}},{"uuid":"8d7909f2-f9cb-4568-9375-715616596e3a","type":"Geometry","data":{"vertices":[0.5,0.5,0.5,0.5,0.5,-0.5,0.5,-0.5,0.5,0.5,-0.5,-0.5,-0.5,0.5,-0.5,-0.5,0.5,0.5,-0.5,-0.5,-0.5,-0.5,-0.5,0.5],"normals":[1,0,0,-1,0,0,0,1,0,0,-1,0,0,0,1,0,0,-1],"uvs":[[0,1,0,0,1,0,1,1]],"faces":[56,0,2,3,0,1,2,0,0,0,0,56,0,3,1,0,2,3,0,0,0,0,56,4,6,7,0,1,2,1,1,1,1,56,4,7,5,0,2,3,1,1,1,1,56,4,5,0,0,1,2,2,2,2,2,56,4,0,1,0,2,3,2,2,2,2,56,7,6,3,0,1,2,3,3,3,3,56,7,3,2,0,2,3,3,3,3,3,56,5,7,2,0,1,2,4,4,4,4,56,5,2,0,0,2,3,4,4,4,4,56,1,3,6,0,1,2,5,5,5,5,56,1,6,4,0,2,3,5,5,5,5]}},{"uuid":"73591320-1907-4fb6-b471-ba3973aec763","type":"Geometry","data":{"vertices":[0.5,0.5,0.5,0.5,0.5,-0.5,0.5,-0.5,0.5,0.5,-0.5,-0.5,-0.5,0.5,-0.5,-0.5,0.5,0.5,-0.5,-0.5,-0.5,-0.5,-0.5,0.5],"normals":[1,0,0,-1,0,0,0,1,0,0,-1,0,0,0,1,0,0,-1],"uvs":[[0,1,0,0,1,0,1,1]],"faces":[56,0,2,3,0,1,2,0,0,0,0,56,0,3,1,0,2,3,0,0,0,0,56,4,6,7,0,1,2,1,1,1,1,56,4,7,5,0,2,3,1,1,1,1,56,4,5,0,0,1,2,2,2,2,2,56,4,0,1,0,2,3,2,2,2,2,56,7,6,3,0,1,2,3,3,3,3,56,7,3,2,0,2,3,3,3,3,3,56,5,7,2,0,1,2,4,4,4,4,56,5,2,0,0,2,3,4,4,4,4,56,1,3,6,0,1,2,5,5,5,5,56,1,6,4,0,2,3,5,5,5,5]}},{"uuid":"8d3b9325-ef57-4e0a-ad69-46cea81d72db","type":"Geometry","data":{"vertices":[0.5,0.5,0.5,0.5,0.5,-0.5,0.5,-0.5,0.5,0.5,-0.5,-0.5,-0.5,0.5,-0.5,-0.5,0.5,0.5,-0.5,-0.5,-0.5,-0.5,-0.5,0.5],"normals":[1,0,0,-1,0,0,0,1,0,0,-1,0,0,0,1,0,0,-1],"uvs":[[0,1,0,0,1,0,1,1]],"faces":[56,0,2,3,0,1,2,0,0,0,0,56,0,3,1,0,2,3,0,0,0,0,56,4,6,7,0,1,2,1,1,1,1,56,4,7,5,0,2,3,1,1,1,1,56,4,5,0,0,1,2,2,2,2,2,56,4,0,1,0,2,3,2,2,2,2,56,7,6,3,0,1,2,3,3,3,3,56,7,3,2,0,2,3,3,3,3,3,56,5,7,2,0,1,2,4,4,4,4,56,5,2,0,0,2,3,4,4,4,4,56,1,3,6,0,1,2,5,5,5,5,56,1,6,4,0,2,3,5,5,5,5]}},{"uuid":"50efe26f-b24f-4279-a2dc-0ce3cb9519e6","type":"Geometry","data":{"vertices":[],"normals":[],"faces":[]}},{"uuid":"dd16d695-e417-4e5f-aebd-a98bcfb34335","type":"Geometry","data":{"vertices":[],"normals":[],"faces":[]}}],"materials":[{"uuid":"a8d94b99-8856-486f-a113-688a93142404","name":"Car Paint","type":"MeshPhongMaterial","color":11468800,"ambient":0,"emissive":0,"specular":15921649,"shininess":522,"opacity":1,"transparent":false,"wireframe":false,"opacityMap":null,"emissiveMap":null},{"uuid":"a7a683d9-2c6b-4d98-8760-01b178da18ee","name":"Wood Light","type":"MeshPhongMaterial","color":16777215,"ambient":0,"emissive":0,"specular":1841432,"shininess":19,"opacity":1,"transparent":false,"wireframe":false,"map":"97a05d85-c6c4-479a-9e7b-de634d57b2b7","opacityMap":null,"specularMap":"146d5939-6324-4b5d-bf6c-33d94126afc3","emissiveMap":null,"normalMap":"130964dd-d01c-43c3-a6dd-0892a43f25cf"},{"uuid":"ef3b975b-e153-45bf-8491-15d9dc9eaa9d","name":"Stone","type":"MeshPhongMaterial","color":16777215,"ambient":0,"emissive":0,"specular":4999754,"shininess":14,"opacity":1,"transparent":false,"wireframe":false,"map":"f1bc9de4-714b-4dfe-902f-f61147e8f137","opacityMap":null,"specularMap":"0070a85f-bdc2-4c4b-9e77-fd6f860c01ff","emissiveMap":null,"normalMap":"2fec232e-522e-4f11-9074-bff9ed29b204"},{"uuid":"4A676B42-497C-4BE0-8B5D-037F828716CE","type":"MeshBasicMaterial","color":5539213,"opacity":1,"transparent":false,"wireframe":false},{"uuid":"CB764A02-5A95-47F9-9CB0-277E6CFCE773","type":"MeshBasicMaterial","color":5221177,"opacity":1,"transparent":false,"wireframe":false}],"object":{"uuid":"CF09E108-1AE6-405D-9973-9197A143F98A","type":"Scene","matrix":[1,0,0,0,0,1,0,0,0,0,1,0,0,0,0,1],"children":[{"uuid":"2bb998b4-67e3-4e00-ac66-3bacf8c76e8a","name":"Box","type":"Mesh","geometry":"d64a14b6-b1aa-4307-8b2b-15db9364fa4c","material":"a8d94b99-8856-486f-a113-688a93142404","castShadow":true,"receiveShadow":true,"matrix":[2.652100086212158,0,0,0,0,2.652100086212158,0,0,0,0,2.652100086212158,0,0,1.3418999910354614,-0.30070000886917114,1]},{"uuid":"5fe672cd-f483-473a-9ba9-013dcda2e352","name":"Box1","type":"Mesh","geometry":"7290cc28-e7ae-4ff0-801f-972e15c028a8","material":"a8d94b99-8856-486f-a113-688a93142404","castShadow":true,"receiveShadow":true,"matrix":[1.802899956703186,0,0,0,0,1.802899956703186,0,0,0,0,1.802899956703186,0,2.1700000762939453,2.182800054550171,-0.02459999918937683,1]},{"uuid":"06b2e701-0696-4b91-b430-59989789b897","name":"Box2","type":"Mesh","geometry":"83eebeef-30cc-4cca-bd71-139e25680ea4","material":"a8d94b99-8856-486f-a113-688a93142404","castShadow":true,"receiveShadow":true,"matrix":[1.0717999935150146,0,0,0,0,1.0717999935150146,0,0,0,0,1.0717999935150146,0,2.1700000762939453,2.9948999881744385,1.3803999423980713,1]},{"uuid":"f1376463-1581-49a8-9f4f-fed12ae0b366","name":"Box3","type":"Mesh","geometry":"9950800d-d03c-4258-a051-80594d2db02f","material":"a7a683d9-2c6b-4d98-8760-01b178da18ee","castShadow":true,"receiveShadow":true,"matrix":[26.504600524902344,0,0,0,0,6.307600021362305,0,0,0,0,0.5239999890327454,0,0,3.292099952697754,-9.428500175476074,1]},{"uuid":"e9df5733-fa3f-4d90-a993-d4606f50b5db","name":"Box4","type":"Mesh","geometry":"bcfbdf13-e7d2-4f11-ab39-b8127f91a145","material":"ef3b975b-e153-45bf-8491-15d9dc9eaa9d","castShadow":true,"receiveShadow":true,"matrix":[26.504600524902344,0,0,0,0,0.32019999623298645,0,0,0,0,19.410200119018555,0,0,0,0,1]},{"uuid":"52b79cd9-c7f6-4f94-828c-5f8b0b59d563","name":"Box5","type":"Mesh","geometry":"8d7909f2-f9cb-4568-9375-715616596e3a","material":"a7a683d9-2c6b-4d98-8760-01b178da18ee","castShadow":true,"receiveShadow":true,"matrix":[26.504600524902344,0,0,0,0,6.307600021362305,0,0,0,0,0.5239999890327454,0,0,3.292099952697754,9.473799705505371,1]},{"uuid":"5954bb96-484b-4cd9-8a73-0f88e4e796d9","name":"Box6","type":"Mesh","geometry":"73591320-1907-4fb6-b471-ba3973aec763","material":"a7a683d9-2c6b-4d98-8760-01b178da18ee","castShadow":true,"receiveShadow":true,"matrix":[0.4300000071525574,0,0,0,0,7.176499843597412,0,0,0,0,19.410200119018555,0,-12.929300308227539,2.888400077819824,0,1]},{"uuid":"99eb52cc-bb4f-4be9-82fc-fface50fd94e","name":"Box7","type":"Mesh","geometry":"8d3b9325-ef57-4e0a-ad69-46cea81d72db","material":"a7a683d9-2c6b-4d98-8760-01b178da18ee","castShadow":true,"receiveShadow":true,"matrix":[0.4300000071525574,0,0,0,0,7.176499843597412,0,0,0,0,19.410200119018555,0,12.855899810791016,2.888400077819824,0,1]},{"uuid":"afb49523-ae94-43c1-a664-9bfcb615cc46","name":"LightPreset","visible":false,"type":"Mesh","geometry":"50efe26f-b24f-4279-a2dc-0ce3cb9519e6","material":"4A676B42-497C-4BE0-8B5D-037F828716CE","castShadow":false,"receiveShadow":false,"matrix":[1,0,0,0,0,1,0,0,0,0,1,0,0,2.888400077819824,0.015349820256233215,1],"children":[{"uuid":"021c0913-7c27-4fdd-bb97-0260dcb2eb1f","name":"BackLight","type":"DirectionalLight","color":7838134,"intensity":0.75,"castShadow":true,"shadowBias":0,"shadowDarkness":0.1,"shadowCameraNear":132.523,"shadowCameraFar":530.092,"shadowMapWidth":1024,"shadowMapHeight":1024,"shadowCameraLeft":-22.9537,"shadowCameraRight":22.9537,"shadowCameraTop":22.9537,"shadowCameraBottom":-22.9537,"matrix":[-0.11775826662778854,0.794736385345459,0.5954217910766602,0,0.794736385345459,0.4349351227283478,-0.42335033416748047,0,-0.5954217910766602,0.42335036396980286,-0.682823121547699,0,-157.8141632080078,112.20731353759766,-180.9795379638672,1]},{"uuid":"6e4dada7-d245-4de6-968d-0b17b4a3eadd","name":"FillLight","type":"DirectionalLight","color":15062196,"intensity":0.85,"castShadow":true,"shadowBias":0,"shadowDarkness":0.1,"shadowCameraNear":254.6249,"shadowCameraFar":1018.4996,"shadowMapWidth":1024,"shadowMapHeight":1024,"shadowCameraLeft":-22.9537,"shadowCameraRight":22.9537,"shadowCameraTop":22.9537,"shadowCameraBottom":-22.9537,"matrix":[0.3981274366378784,-0.48951199650764465,-0.7758044600486755,0,-0.48951196670532227,0.6018725633621216,-0.6309733986854553,0,0.7758044600486755,0.6309733986854553,9.919908450228831e-9,0,395.0782775878906,321.3230895996094,0,1]},{"uuid":"917fef3e-7010-4f4d-b7d1-f01655b5f7cf","name":"KeyLight","type":"DirectionalLight","color":16776180,"intensity":1,"castShadow":true,"shadowBias":0,"shadowDarkness":0.1,"shadowCameraNear":132.523,"shadowCameraFar":530.092,"shadowMapWidth":1024,"shadowMapHeight":1024,"shadowCameraLeft":-22.9537,"shadowCameraRight":22.9537,"shadowCameraTop":22.9537,"shadowCameraBottom":-22.9537,"matrix":[0.8176450133323669,0.22988826036453247,0.5278332829475403,0,0.22988823056221008,0.7101882696151733,-0.6654201745986938,0,-0.5278332829475403,0.6654201745986938,0.5278332829475403,0,-139.9001007080078,176.36695861816406,139.9001007080078,1]}]},{"uuid":"738de8a4-5c0f-49a2-8390-484cd3e8f2b6","name":"CameraPreset","type":"Mesh","geometry":"dd16d695-e417-4e5f-aebd-a98bcfb34335","material":"CB764A02-5A95-47F9-9CB0-277E6CFCE773","castShadow":false,"receiveShadow":false,"matrix":[1,0,0,0,0,1,0,0,0,0,1,0,0,2.888400077819824,0.015349820256233215,1],"children":[{"uuid":"8392a6fe-6554-4e69-bfac-0584bffad520","name":"TurnTableCamera","type":"PerspectiveCamera","fov":45,"aspect":1.7778,"near":0.1,"far":50000,"matrix":[0.9428676962852478,0.1597486436367035,0.29237109422683716,0,-0.029161110520362854,0.9137524366378784,-0.4052235186100006,0,-0.33188870549201965,0.373546302318573,0.8662061095237732,0,-7.514611721038818,8.45792293548584,19.612552642822266,1]}]}]},"images":[],"textures":[]}